17.7975850675460
14.9057847873707
15.1812279613537
19.0208754503914
17.2926166541600
17.7050908906460
15.7968957450059
16.8042273313739
14.8714474946336
15.9421214507366
13.8379743179163
16.2279518249878
15.0611763367248
15.9586521239493
16.9737863605867
19.2301817891764
13.0296574284107
16.6691845480272
13.9523021007642
14.1056851396483
15.3584887718587
16.5037378512270
18.0808873595731
16.2667951979381
15.3043789727036
16.5071907487577
16.8670208254783
17.1357846596141
19.2898840168795
17.6911284726560
15.3120914307510
13.1386789456517
33.1689707777204