-0.00239408153868682
0.0101855239271680
0.00385223896698359
-0.0351701248035191
0.0729027110211906
-0.174706055058387
-1.03536141661081
-1.08173498361936
0.131044852963139
1.00494689348054
0.722270842272527
-1.57998987701900
-0.903783458219520
-1.09811487528664
-2.27849572118947
2.96257835173726
0.581534432985479
1.06087486678948
-0.650695580190782
-0.705639452537897
1.03272960996265
1.43858075840925
1.30459807680132
0.990979047938033
-0.439661355791258
-0.495520439651502
-1.35385953321301
-0.779264133356543
-1.82578763110860
-1.36875219982649
1.36858014761177
-0.491219999125093
-1.49623982950587
0.763728789804421
0.725544274646750
0.246714364414358
-1.55851165794822
-1.47800877294031
-0.136692581500150
1.78907323892506
0.259371704158993
0.297369025639945
-1.48017728457478
-0.416852055000990
-0.151564722416141
-0.335168986508977
1.39972755199777
0.717287684185112
-1.26419849962639
0.963991861451819
-1.23059525279796
1.70302747108630
0.512181461996476
0.450129002707659
1.06789502718247
-0.289103903835445
-0.955744077531195
-0.00888764420839384
-1.02337494714882
-0.965537822770521
-0.791565615114874
2.47565566075706
0.0962684097008807
-2.04933167335348
0.556015732833689
1.67598796982870
0.703510839972187
-1.41875542932306
-0.372277134765812
-1.00995405292099
0.646610915824349
1.54960458790077
1.46272358074085
-1.45092618341478
-2.42830694319721
-3.36027506089314
-0.813118737907983
1.16702382900211
-0.0234610492639091
-0.120462526919966
0.158574058647636
-1.36103234311723
2.30913157983285
0.563083051691545
2.27940850208727
-0.773180883083488
-1.58698727958784
-0.687533728645092
-0.911224730220921
-1.04795099643397
-0.356958033335478
-0.754220884255644
0.437607858546066
0.510815614792667
-1.11901339017073
0.781833539958484
0.715546056567666
1.35976623280101
-1.81930751167308
-0.698907394436661
0.829035211168993
-0.141233169274140
2.18523002603743
1.87402081082741
-1.11646624181946
-0.825345249633678
-0.775529705125488
0.368260781938329
1.72327935807290
-0.405917559968394
-1.75740559093104
1.62462045901719
-0.516211364181563
-0.0114701311585939
0.442315751624515
1.96675515595426
0.997584719684385
-0.0751956344213586
-0.399336119497002
-0.736691322048232
-1.37218447098668
-2.18755478146282
-0.177096989926137
2.35410236615568
0.464225458806727
-0.447367592355335
0.975154125164177
1.98236548741774
0.635086036932146
-0.344810603047859
-1.11633597351202
-0.678220136888044
1.60006235722380
2.08503729488635
0.600987205851627
-1.18612319845957
-1.03244015659527
-1.37059757545256
-0.549558228007194
2.52822200004177
-0.450787344622625
-0.287715810396181
2.65346185994972
-0.920993838787517
1.47698532017730
1.46547017192086
1.27565595485347
0.692199328926842
-1.10902381582691
-2.06797678810552
-1.79973945061919
-0.868175408890343
-0.215114366280858
-0.588007204250928
1.07286375769257
-0.412702775549637
-0.782483947946442
2.39971379288765
0.315198770677471
0.0229813674286158
-1.27111581535601
-0.555090618338854
0.449706063656377
-1.13841564843294
-0.487590558045314
0.195835259905173
-0.0268941150824308
-1.08807976927081
0.585160119742482
-0.268376099162988