-1.64953123578730
-0.266074255409636
-1.75897076787975
-0.966204341099490
0.154966230588264
0.525800043864778
0.441836706122089
1.32338664267869
0.803656024120118
0.661799756863995
-1.85240444021853
-0.518063696730136
-2.50992219533045
0.0554850822151580
-1.24330700692940
-1.00898044489246
-2.96593617987884
-1.51085526768444
2.17568873605908
3.78990005013002
0.725360229920366
0.0172165916880774
0.780734422646440
1.96058522596365
-0.864605103934571
-0.926001648819174
-1.41789951859286
0.892357904272269
-0.367229520380053
1.30809747284237
2.27136590478500
0.639423653831897
1.45180768422684
1.12253877492358
1.78892668682349
0.821064227159866
-1.49130784686582
0.590034807058701
-0.409820919390609
-1.52474515009271
-0.397170857750300
-1.62028199543506
-1.15559785608885
-0.304410001453014
-2.04486096511340
-1.48968537727544
-2.17192229109367
-0.913614568684341
1.92673386476502
0.220819082988976
0.442459661911016
-0.496694870228463
-2.47680982260617
0.183182427576563
-1.01817348184228
1.37155652517948
1.42638178972727
-0.120711273243364
0.515298634853018
0.577531978887530
-1.27698237723532
-2.69898618104365
-0.959786658846632
-1.16427012021318
-0.936956251293561
0.576838762513628
1.42337783508375
2.39799320687473
-0.0492757638790062
-0.641405305281997
1.81656055162798
-0.252851407945586
-2.21508308418373
-0.206551533997308
-1.50801442542591
0.0783414204146977
-0.623301810637517
0.276597761241938
-0.553572397417119
0.405040913407137
0.376840061299898
1.16550343383155
2.61184115777661
-0.935439899451904
-0.836349985657306
-1.44965018554140
1.58188302593968
-0.00380058648921863
-0.567658836373662
-0.754913422104778
-0.0849129187502615
3.28143399154961
1.17692941145994
-1.49802531439259
1.21160680544710
0.861900670388280
1.01868631368845
1.38710617322050
-1.42531420403727
0.479077378164049
-0.635027585751578
-1.98602059709954
0.929695568981906
-0.462097880905178
-0.343233136438141
-2.37991580217713
-0.146582030715428
-0.563564451015377
-1.91911844839957
0.566837311320498
1.51805257882464
2.19710877402944
1.66444722017368
-1.17841374151052
-2.30735510917619
-0.817306328515214
-0.467141779403286
0.780141559996131
1.84217632679852
1.23211602210369
1.31518888469157
0.773029410181046
-1.80174137653527
-1.16705755451721
-0.715841151345308
-0.137622144341234
-0.840144132723440
-1.97477961943763
1.70759806836058
0.0550513403256148
2.06872407988442
0.827772863828658
2.48019414687254
0.774445123955019
-0.841418192493769
-2.26386491497880
-1.79352397867712
-2.86962805849149
-3.35935252753795
-2.83506313930178
-1.95864123335365
-0.0150540087587575
1.21818282186705
0.937500580877891
-0.0122505637501051
0.628816061373074
-0.844242095254389
-0.213330412527347
0.558738393853405
0.573207685209018
-2.66510827066064
-0.294914140543389
1.55008060396503
2.99297032555930
0.381289841181041
0.560813029216373
1.77412986106938
3.07396055324034
-0.409457563617032
-1.85495442240592
-1.47276361407471
-1.26725401869265
-0.561638900004539
-0.687737205321308
-1.58381584723306
-0.320237336984770
-0.859747654969801
-1.28946926712156
-0.895050538876949
0.126570832466021
-0.501387543432089
-0.625052774263591
-0.789450723210602
1.43559996280642
1.17894854534907
-0.902433933138367
-0.536004222275883
-1.19716280547106
0.641442331836338
1.70408295323723
-0.642990332346686
1.61623140216773
1.11262472943423
1.47976877063008
-1.58701972611109
-2.56033532225023
-0.259477322376770
-0.359544782141840
-0.243847337214246
1.77310265712063
-0.374475906975576
0.0464543576811387
1.47803536428477
2.36718335113504
3.37124971129348
0.189943015560242
-0.721448177142455
-0.566304582928668
-1.26077441949078
-0.846382269859512
-0.903793622149530
-1.03165085264037
0.855691419275511
0.859551010555817
0.636410269286240
2.23273335199314
0.161410642134422
-1.11007514844700
-2.38928374321413
0.191174900988272
-0.404265077211924
2.75412329283165
-0.180988396856826
-1.95321507352198
0.500788296893749
1.08267349085929
-0.802229226992357
1.56184946228889
0.639764683419228
2.57740794522639
1.40953580583950
0.711449626254378
-0.680856018646815
1.20783996273772
-1.11454935034291
-0.770943249830940
-0.000826500443222411
-1.44269298403909
-1.05554369818069
-0.675075999981817
-3.73569781184330
-0.950539393120878
-1.14591304659560
1.22654793772424
0.603828090119143
3.43139754408218
1.25240999529826
-1.08679503900008
-0.0241887950575312
0.0552730839102468
0.636160259444951
1.07850403860404
1.49032395531157
2.55076348884068
0.726294227548766
0.659040846806285
-0.809936690581192
-0.171040117602686
-0.792160498157274
-1.11936562781239
-1.82371473261865
0.475314295893475
1.34443135331131
1.47821288261516
2.08945676988799
2.13986557912727
1.20912697607384
-0.323830649524196
-0.494506472880532
-1.44614786643491
-1.25543829975567
-0.898432413977046
-1.31516680751028
-1.48421228655108
-0.599249246298619
-0.370204546849366
2.32820070242199
2.43152637245744
0.308802580280951
-0.635660294801554
-1.32724843887028
0.490175202698484
3.05701777294638
1.83229649336239
-0.489775716345136
-0.697493278339376
0.411088062331979
2.74390896167835
1.13088533879709
1.15987713423508
1.10391687804519
1.70928984749047
1.05531659865572
0.113580276290685
-0.909511634126897
-1.35728127246490
-1.56181403476527
-2.68814445240379
-1.47124485487588
-1.98762228242499
-0.452676228514806
-1.65174015166823
0.475345725808790
-0.638230334170090
-0.307853627588632
-0.0931464554884017
-0.0682624169058719
1.53490222437235
0.537633454914329
-1.73180598982040
-0.580123395385482
-0.400038485184812
2.34161385239340
2.38547951694089
0.497732706517978
0.0329689933877271
0.0784454532038776
-0.0178174236992868
-0.847027897599425
-1.74537320180043
-0.938331896151376
0.433890646777762
-0.153153296108675
0.402437822102565
-0.652552421675349
-1.95769089399995
0.0676931764848340
-0.0473200063696690
-0.696918976950953
0.457548157431916
0.0793040579408948
0.479593421149250
-2.36039159713721
0.444008090333474
-0.324989465679582
0.0972059110531082
1.11480549703844
-1.15706256769963
-0.475712622531447
0.522584961220164
0.887143728921974
0.0165480522704102
0.902541728662641
1.15478382083166
0.872533778384226
-0.469162669778365
0.596529042698745
0.836091721716751
0.304492895069666
1.15532384373177