105.612664960185
92.4531916006083
108.202852754341
92.8992208761656
94.3675899320934
109.435725091972
80.7674879831760
114.543543444023
81.0182689540099
110.258728418428
108.559285296447
97.3229190480705
116.581340764057
104.355641396447
97.6413664188372
103.292233384535
106.612996960003
98.1592826789726
110.385978089996
118.169180055550
115.990038257188
90.1673037499035
102.278602298763
90.5048471215136
110.963798826789
125.017214265278
84.7404824991908
93.1749637070336
105.333019356100
109.147425828052
93.8978297445555
87.5239234142995
300.729011254228